0.00 0.5000 0.5000
0.02 0.5003 0.5003
0.04 0.5011 0.5011
0.06 0.5025 0.5026
0.08 0.5045 0.5046
0.10 0.5070 0.5071
0.12 0.5101 0.5103
0.14 0.5137 0.5140
0.16 0.5179 0.5183
0.18 0.5227 0.5232
0.20 0.5280 0.5286
0.22 0.5339 0.5346
0.24 0.5403 0.5412
0.26 0.5473 0.5483
0.28 0.5548 0.5560
0.30 0.5629 0.5643
0.32 0.5716 0.5732
0.34 0.5809 0.5826
0.36 0.5906 0.5926
0.38 0.6010 0.6032
0.40 0.6119 0.6144
0.42 0.6234 0.6261
0.44 0.6354 0.6384
0.46 0.6480 0.6512
0.48 0.6611 0.6647
0.50 0.6749 0.6787
0.52 0.6891 0.6933
0.54 0.7040 0.7084
0.56 0.7193 0.7241
0.58 0.7353 0.7404
0.60 0.7518 0.7573
0.62 0.7689 0.7747
0.64 0.7865 0.7927
0.66 0.8047 0.8113
0.68 0.8234 0.8305
0.70 0.8427 0.8502
0.72 0.8626 0.8705
0.74 0.8830 0.8914
0.76 0.9040 0.9128
0.78 0.9255 0.9348
0.80 0.9476 0.9574
0.82 0.9703 0.9806
0.84 0.9935 1.0043
0.86 1.0173 1.0286
0.88 1.0416 1.0535
0.90 1.0665 1.0789
0.92 1.0920 1.1049
0.94 1.1180 1.1315
0.96 1.1446 1.1587
0.98 1.1717 1.1864
1.00 1.1994 1.2147
1.02 1.2277 1.2436
1.04 1.2565 1.2730
1.06 1.2859 1.3030
1.08 1.3158 1.3336
1.10 1.3463 1.3648
1.12 1.3774 1.3965
1.14 1.4090 1.4288
1.16 1.4412 1.4617
1.18 1.4739 1.4952
1.20 1.5072 1.5292
1.22 1.5410 1.5638
1.24 1.5754 1.5989
1.26 1.6104 1.6347
1.28 1.6459 1.6710
1.30 1.6820 1.7078
1.32 1.7187 1.7453
1.34 1.7559 1.7833
1.36 1.7937 1.8219
1.38 1.8320 1.8611
1.40 1.8709 1.9008
1.42 1.9103 1.9411
1.44 1.9503 1.9820
1.46 1.9909 2.0235
1.48 2.0320 2.0655
1.50 2.0737 2.1081
1.52 2.1160 2.1512
1.54 2.1588 2.1950
1.56 2.2021 2.2393
1.58 2.2461 2.2842
1.60 2.2905 2.3296
1.62 2.3356 2.3757
1.64 2.3812 2.4223
1.66 2.4273 2.4694
1.68 2.4741 2.5172
1.70 2.5214 2.5655
1.72 2.5692 2.6144
1.74 2.6176 2.6638
1.76 2.6666 2.7139
1.78 2.7161 2.7645
1.80 2.7662 2.8156
1.82 2.8168 2.8674
1.84 2.8680 2.9197
1.86 2.9197 2.9726
1.88 2.9721 3.0260
1.90 3.0249 3.0801
1.92 3.0784 3.1347
1.94 3.1324 3.1898
1.96 3.1869 3.2456
1.98 3.2420 3.3019
2.00 3.2977 3.3588
2.02 3.3540 3.4163
2.04 3.4107 3.4743
2.06 3.4681 3.5329
2.08 3.5260 3.5921
2.10 3.5845 3.6518
2.12 3.6435 3.7122
2.14 3.7031 3.7730
2.16 3.7633 3.8345
2.18 3.8240 3.8965
2.20 3.8852 3.9592
2.22 3.9471 4.0223
2.24 4.0095 4.0861
2.26 4.0724 4.1504
2.28 4.1359 4.2153
2.30 4.2000 4.2808
2.32 4.2646 4.3468
2.34 4.3298 4.4134
2.36 4.3955 4.4806
2.38 4.4619 4.5484
2.40 4.5287 4.6167
2.42 4.5961 4.6856
2.44 4.6641 4.7550
2.46 4.7327 4.8251
2.48 4.8018 4.8957
2.50 4.8714 4.9669
2.52 4.9417 5.0386
2.54 5.0124 5.1110
2.56 5.0800 5.1800
2.58 5.0800 5.1800
2.60 5.0800 5.1800
2.62 5.0800 5.1800
2.64 5.0800 5.1800
2.66 5.0800 5.1800
2.68 5.0800 5.1800
2.70 5.0800 5.1800
2.72 5.0800 5.1800
2.74 5.0800 5.1800
2.76 5.0800 5.1800
2.78 5.0800 5.1800
2.80 5.0800 5.1800
2.82 5.0800 5.1800
2.84 5.0800 5.1800
2.86 5.0800 5.1800
2.88 5.0800 5.1800
2.90 5.0800 5.1800
2.92 5.0800 5.1800
2.94 5.0800 5.1800
2.96 5.0800 5.1800
2.98 5.0800 5.1800
3.00 5.0800 5.1800
3.02 5.0800 5.1800
3.04 5.0800 5.1800
3.06 5.0800 5.1800
3.08 5.0800 5.1800
3.10 5.0800 5.1800
3.12 5.0800 5.1800
3.14 5.0800 5.1800
3.16 5.0800 5.1800
3.18 5.0800 5.1800
3.20 5.0800 5.1800
3.22 5.0800 5.1800
3.24 5.0800 5.1800
3.26 5.0800 5.1800
3.28 5.0800 5.1800
3.30 5.0800 5.1800
3.32 5.0800 5.1800
3.34 5.0800 5.1800
3.36 5.0800 5.1800
3.38 5.0800 5.1800
3.40 5.0800 5.1800
3.42 5.0800 5.1800
3.44 5.0800 5.1800
3.46 5.0800 5.1800
3.48 5.0800 5.1800
3.50 5.0800 5.1800
3.52 5.0800 5.1800
3.54 5.0800 5.1800
3.56 5.0800 5.1800
3.58 5.0800 5.1800
3.60 5.0800 5.1800
3.62 5.0800 5.1800
3.64 5.0800 5.1800
3.66 5.0800 5.1800
3.68 5.0800 5.1800
3.70 5.0800 5.1800
3.72 5.0800 5.1800
3.74 5.0800 5.1800
3.76 5.0800 5.1800
3.78 5.0800 5.1800
3.80 5.0800 5.1800
3.82 5.0800 5.1800
3.84 5.0800 5.1800
3.86 5.0800 5.1800
3.88 5.0800 5.1800
3.90 5.0800 5.1800
3.92 5.0800 5.1800
3.94 5.0800 5.1800
3.96 5.0800 5.1800
3.98 5.0800 5.1800
4.00 5.0800 5.1800
4.02 5.0800 5.1800
4.04 5.0800 5.1800
4.06 5.0800 5.1800
4.08 5.0800 5.1800
4.10 5.0800 5.1800
4.12 5.0800 5.1800
4.14 5.0800 5.1800
4.16 5.0800 5.1800
4.18 5.0800 5.1800
4.20 5.0800 5.1800
4.22 5.0800 5.1800
4.24 5.0800 5.1800
4.26 5.0800 5.1800
4.28 5.0800 5.1800
4.30 5.0800 5.1800
4.32 5.0800 5.1800
4.34 5.0800 5.1800
4.36 5.0800 5.1800
4.38 5.0800 5.1800
4.40 5.0800 5.1800
4.42 5.0800 5.1800
4.44 5.0800 5.1800
4.46 5.0800 5.1800
4.48 5.0800 5.1800
4.50 5.0800 5.1800
4.52 5.0800 5.1800
4.54 5.0800 5.1800
4.56 5.0800 5.1800
4.58 5.0800 5.1800
4.60 5.0800 5.1800
4.62 5.0800 5.1800
4.64 5.0800 5.1800
4.66 5.0800 5.1800
4.68 5.0800 5.1800
4.70 5.0800 5.1800
4.72 5.0800 5.1800
4.74 5.0800 5.1800
4.76 5.0800 5.1800
4.78 5.0800 5.1800
4.80 5.0800 5.1800
4.82 5.0800 5.1800
4.84 5.0800 5.1800
4.86 5.0800 5.1800
4.88 5.0800 5.1800
4.90 5.0800 5.1800
4.92 5.0800 5.1800
4.94 5.0800 5.1800
4.96 5.0800 5.1800
4.98 5.0800 5.1800
5.00 5.0800 5.1800
5.02 5.0800 5.1800
5.04 5.0800 5.1800
5.06 5.0800 5.1800
5.08 5.0800 5.1800
5.10 5.0800 5.1800
5.12 5.0800 5.1800
5.14 5.0800 5.1800
5.16 5.0800 5.1800
5.18 5.0800 5.1800
5.20 5.0800 5.1800
5.22 5.0800 5.1800
5.24 5.0800 5.1800
5.26 5.0800 5.1800
5.28 5.0800 5.1800
5.30 5.0800 5.1800
5.32 5.0800 5.1800
5.34 5.0800 5.1800
5.36 5.0800 5.1800
5.38 5.0800 5.1800
5.40 5.0800 5.1800
5.42 5.0800 5.1800
5.44 5.0800 5.1800
5.46 5.0800 5.1800
5.48 5.0800 5.1800
5.50 5.0800 5.1800
5.52 5.0800 5.1800
5.54 5.0800 5.1800
5.56 5.0800 5.1800
5.58 5.0800 5.1800
5.60 5.0800 5.1800
5.62 5.0800 5.1800
5.64 5.0800 5.1800
5.66 5.0800 5.1800
5.68 5.0800 5.1800
5.70 5.0800 5.1800
5.72 5.0800 5.1800
5.74 5.0800 5.1800
5.76 5.0800 5.1800
5.78 5.0800 5.1800
5.80 5.0800 5.1800
5.82 5.0800 5.1800
5.84 5.0800 5.1800
5.86 5.0800 5.1800
5.88 5.0800 5.1800
5.90 5.0800 5.1800
5.92 5.0800 5.1800
5.94 5.0800 5.1800
5.96 5.0800 5.1800
5.98 5.0800 5.1800
6.00 5.0800 5.1800
