0.00 0.0000 0.0000
0.02 0.0063 0.0078
0.04 0.0125 0.0156
0.06 0.0188 0.0234
0.08 0.0250 0.0312
0.10 0.0313 0.0390
0.12 0.0376 0.0468
0.14 0.0438 0.0546
0.16 0.0501 0.0624
0.18 0.0564 0.0702
0.20 0.0626 0.0780
0.22 0.0689 0.0858
0.24 0.0751 0.0936
0.26 0.0814 0.1014
0.28 0.0877 0.1092
0.30 0.0939 0.1170
0.32 0.1002 0.1247
0.34 0.1065 0.1325
0.36 0.1127 0.1403
0.38 0.1190 0.1481
0.40 0.1252 0.1559
0.42 0.1315 0.1637
0.44 0.1378 0.1715
0.46 0.1440 0.1793
0.48 0.1503 0.1871
0.50 0.1565 0.1949
0.52 0.1628 0.2027
0.54 0.1691 0.2105
0.56 0.1753 0.2183
0.58 0.1816 0.2261
0.60 0.1879 0.2339
0.62 0.1941 0.2417
0.64 0.2004 0.2495
0.66 0.2066 0.2573
0.68 0.2129 0.2651
0.70 0.2192 0.2729
0.72 0.2254 0.2807
0.74 0.2317 0.2885
0.76 0.2380 0.2963
0.78 0.2442 0.3041
0.80 0.2505 0.3119
0.82 0.2567 0.3197
0.84 0.2630 0.3275
0.86 0.2693 0.3353
0.88 0.2755 0.3431
0.90 0.2818 0.3509
0.92 0.2880 0.3586
0.94 0.2943 0.3664
0.96 0.3006 0.3742
0.98 0.3068 0.3820
1.00 0.3131 0.3898
1.02 0.3194 0.3976
1.04 0.3256 0.4054
1.06 0.3319 0.4132
1.08 0.3381 0.4210
1.10 0.3444 0.4288
1.12 0.3507 0.4366
1.14 0.3569 0.4444
1.16 0.3632 0.4522
1.18 0.3695 0.4600
1.20 0.3757 0.4678
1.22 0.3820 0.4756
1.24 0.3882 0.4834
1.26 0.3945 0.4912
1.28 0.4008 0.4990
1.30 0.4070 0.5068
1.32 0.4133 0.5146
1.34 0.4195 0.5224
1.36 0.4258 0.5302
1.38 0.4321 0.5380
1.40 0.4383 0.5458
1.42 0.4446 0.5536
1.44 0.4509 0.5614
1.46 0.4571 0.5692
1.48 0.4634 0.5770
1.50 0.4696 0.5848
1.52 0.4759 0.5925
1.54 0.4822 0.6003
1.56 0.4884 0.6081
1.58 0.4947 0.6159
1.60 0.5010 0.6237
1.62 0.5072 0.6315
1.64 0.5135 0.6393
1.66 0.5197 0.6471
1.68 0.5260 0.6549
1.70 0.5323 0.6627
1.72 0.5385 0.6705
1.74 0.5448 0.6783
1.76 0.5510 0.6861
1.78 0.5573 0.6939
1.80 0.5636 0.7017
1.82 0.5698 0.7095
1.84 0.5761 0.7173
1.86 0.5824 0.7251
1.88 0.5886 0.7329
1.90 0.5949 0.7407
1.92 0.6011 0.7485
1.94 0.6074 0.7563
1.96 0.6137 0.7641
1.98 0.6199 0.7719
2.00 0.6262 0.7797
2.02 0.6325 0.7875
2.04 0.6387 0.7953
2.06 0.6450 0.8031
2.08 0.6512 0.8109
2.10 0.6575 0.8187
2.12 0.6638 0.8264
2.14 0.6700 0.8342
2.16 0.6763 0.8420
2.18 0.6825 0.8498
2.20 0.6888 0.8576
2.22 0.6951 0.8654
2.24 0.7013 0.8732
2.26 0.7076 0.8810
2.28 0.7139 0.8888
2.30 0.7201 0.8966
2.32 0.7264 0.9044
2.34 0.7326 0.9122
2.36 0.7389 0.9200
2.38 0.7452 0.9278
2.40 0.7514 0.9356
2.42 0.7577 0.9434
2.44 0.7640 0.9512
2.46 0.7702 0.9590
2.48 0.7765 0.9668
2.50 0.7827 0.9746
2.52 0.7890 0.9824
2.54 0.7953 0.9902
2.56 0.8015 0.9980
2.58 0.8078 1.0058
2.60 0.8140 1.0136
2.62 0.8203 1.0214
2.64 0.8266 1.0292
2.66 0.8328 1.0370
2.68 0.8391 1.0448
2.70 0.8454 1.0526
2.72 0.8516 1.0604
2.74 0.8579 1.0681
2.76 0.8641 1.0759
2.78 0.8704 1.0837
2.80 0.8767 1.0915
2.82 0.8829 1.0993
2.84 0.8892 1.1071
2.86 0.8955 1.1149
2.88 0.9017 1.1227
2.90 0.9080 1.1305
2.92 0.9142 1.1383
2.94 0.9205 1.1461
2.96 0.9268 1.1539
2.98 0.9330 1.1617
3.00 0.9393 1.1695
3.02 0.9455 1.1773
3.04 0.9518 1.1851
3.06 0.9581 1.1929
3.08 0.9643 1.2007
3.10 0.9706 1.2085
3.12 0.9769 1.2163
3.14 0.9831 1.2241
3.16 0.9894 1.2319
3.18 0.9956 1.2397
3.20 1.0019 1.2475
3.22 1.0082 1.2553
3.24 1.0144 1.2631
3.26 1.0207 1.2709
3.28 1.0270 1.2787
3.30 1.0332 1.2865
3.32 1.0395 1.2943
3.34 1.0457 1.3020
3.36 1.0520 1.3098
3.38 1.0583 1.3176
3.40 1.0645 1.3254
3.42 1.0708 1.3332
3.44 1.0770 1.3410
3.46 1.0833 1.3488
3.48 1.0896 1.3566
3.50 1.0958 1.3644
3.52 1.1021 1.3722
3.54 1.1084 1.3800
3.56 1.1146 1.3878
3.58 1.1209 1.3956
3.60 1.1271 1.4034
3.62 1.1334 1.4112
3.64 1.1397 1.4190
3.66 1.1459 1.4268
3.68 1.1522 1.4346
3.70 1.1585 1.4424
3.72 1.1647 1.4502
3.74 1.1710 1.4580
3.76 1.1772 1.4658
3.78 1.1835 1.4736
3.82 1.1178 1.4094
3.84 1.0458 1.3374
3.86 0.9738 1.2654
3.88 0.9018 1.1934
3.90 0.8298 1.1214
3.92 0.7578 1.0494
3.94 0.6858 0.9774
3.96 0.6138 0.9054
3.98 0.5418 0.8334
4.00 0.4698 0.7614
4.02 0.3978 0.6894
4.04 0.3258 0.6174
4.06 0.2538 0.5454
4.08 0.1818 0.4734
4.10 0.1098 0.4014
4.12 0.0378 0.3294
4.14 0.0000 0.0000
4.16 0.0000 0.0000
4.18 0.0000 0.0000
4.20 0.0000 0.0000
4.22 0.0000 0.0000
4.24 0.0000 0.0000
4.26 0.0000 0.0000
4.28 0.0000 0.0000
4.30 0.0000 0.0000
4.32 0.0000 0.0000
4.34 0.0000 0.0000
4.36 0.0000 0.0000
4.38 0.0000 0.0000
4.40 0.0000 0.0000
4.42 0.0000 0.0000
4.44 0.0000 0.0000
4.46 0.0000 0.0000
4.48 0.0000 0.0000
4.50 0.0000 0.0000
4.52 0.0000 0.0000
4.54 0.0000 0.0000
4.56 0.0000 0.0000
4.58 0.0000 0.0000
4.60 0.0000 0.0000
4.62 0.0000 0.0000
4.64 0.0000 0.0000
4.66 0.0000 0.0000
4.68 0.0000 0.0000
4.70 0.0000 0.0000
4.72 0.0000 0.0000
4.74 0.0000 0.0000
4.76 0.0000 0.0000
4.78 0.0000 0.0000
4.80 0.0000 0.0000
4.82 0.0000 0.0000
4.84 0.0000 0.0000
4.86 0.0000 0.0000
4.88 0.0000 0.0000
4.90 0.0000 0.0000
4.92 0.0000 0.0000
4.94 0.0000 0.0000
4.96 0.0000 0.0000
4.98 0.0000 0.0000
5.00 0.0000 0.0000
5.02 0.0000 0.0000
5.04 0.0000 0.0000
5.06 0.0000 0.0000
5.08 0.0000 0.0000
5.10 0.0000 0.0000
5.12 0.0000 0.0000
5.14 0.0000 0.0000
5.16 0.0000 0.0000
5.18 0.0000 0.0000
5.20 0.0000 0.0000
5.22 0.0000 0.0000
5.24 0.0000 0.0000
5.26 0.0000 0.0000
5.28 0.0000 0.0000
5.30 0.0000 0.0000
5.32 0.0000 0.0000
5.34 0.0000 0.0000
5.36 0.0000 0.0000
5.38 0.0000 0.0000
5.40 0.0000 0.0000
5.42 0.0000 0.0000
5.44 0.0000 0.0000
5.46 0.0000 0.0000
5.48 0.0000 0.0000
5.50 0.0000 0.0000
5.52 0.0000 0.0000
5.54 0.0000 0.0000
5.56 0.0000 0.0000
5.58 0.0000 0.0000
5.60 0.0000 0.0000
5.62 0.0000 0.0000
5.64 0.0000 0.0000
5.66 0.0000 0.0000
5.68 0.0000 0.0000
5.70 0.0000 0.0000
5.72 0.0000 0.0000
5.74 0.0000 0.0000
5.76 0.0000 0.0000
5.78 0.0000 0.0000
5.80 0.0000 0.0000
5.82 0.0000 0.0000
5.84 0.0000 0.0000
5.86 0.0000 0.0000
5.88 0.0000 0.0000
5.90 0.0000 0.0000
5.92 0.0000 0.0000
5.94 0.0000 0.0000
5.96 0.0000 0.0000
5.98 0.0000 0.0000
6.00 0.0000 0.0000
6.02 0.0000 0.0000
